0	61.6
1	59.6
2	55.95
3	54.2
4	51.75
5	49.25
6	47.15
7	45.65
8	44.4
9	42.65
10	41.6
11	40.55
12	39.45
13	38.2
14	37.0
15	36.3
16	35.7
17	35.05
18	34.55
19	34.05
20	33.4
21	32.65
22	31.9
23	31.45
24	31.25
25	31.0
26	30.5
27	29.9
28	29.7
29	29.2
30	28.6
31	28.55
32	28.35
33	28.15
34	27.75
35	27.05
36	27.0
37	26.75
38	26.5
39	26.25
40	26.15
41	26.0
42	26.0
43	25.85
44	25.8
45	25.65
46	25.35
47	25.2
48	24.9
49	24.85
50	24.8
51	24.65
52	24.6
53	24.5
54	24.25
55	24.25
56	24.25
57	24.2
58	24.2
59	23.8
60	23.75
61	23.75
62	23.75
63	23.7
64	23.7
65	23.65
66	23.55
67	23.4
68	23.4
69	23.05
70	23.05
71	23.05
72	22.95
73	22.9
74	22.9
75	22.9
76	22.75
77	22.7
78	22.7
79	22.7
80	22.7
81	22.7
82	22.7
83	22.65
84	22.65
85	22.5
86	22.4
87	22.35
88	22.35
89	22.3
90	22.3
91	22.25
92	22.25
93	22.25
94	21.95
95	21.95
96	21.8
97	21.65
98	21.5
99	21.5
100	21.45
101	21.35
102	21.35
103	21.35
104	21.35
105	21.35
106	21.35
107	21.35
108	21.35
109	21.35
110	21.25
111	21.2
112	21.2
113	21.15
114	21.15
115	21.1
116	21.1
117	21.1
118	21.1
119	21.1
120	21.05
121	21.05
122	20.95
123	20.85
124	20.85
125	20.85
126	20.85
127	20.85
128	20.85
129	20.85
130	20.8
131	20.8
132	20.8
133	20.8
134	20.8
135	20.8
136	20.8
137	20.8
138	20.8
139	20.75
140	20.75
141	20.75
142	20.75
143	20.75
144	20.75
145	20.7
146	20.7
147	20.6
148	20.55
149	20.55
150	20.55
151	20.55
152	20.55
153	20.55
154	20.45
155	20.45
156	20.3
157	20.3
158	20.3
159	20.2
160	20.2
161	20.2
162	20.2
163	20.2
164	20.05
165	20.05
166	20.05
167	19.9
168	19.9
169	19.9
170	19.9
171	19.9
172	19.9
173	19.9
174	19.9
175	19.9
176	19.9
177	19.8
178	19.75
179	19.75
180	19.75
181	19.75
182	19.75
183	19.75
184	19.75
185	19.65
186	19.65
187	19.65
188	19.65
189	19.65
190	19.65
191	19.65
192	19.65
193	19.65
194	19.65
195	19.65
196	19.65
197	19.65
198	19.65
199	19.65
200	19.65
201	19.65
202	19.65
203	19.45
204	19.45
205	19.45
206	19.45
207	19.45
208	19.45
209	19.45
210	19.45
211	19.45
212	19.45
213	19.45
214	19.35
215	19.35
216	19.35
217	19.35
218	19.35
219	19.35
220	19.35
221	19.35
222	19.35
223	19.35
224	19.35
225	19.35
226	19.35
227	19.35
228	19.35
229	19.35
230	19.35
231	19.35
232	19.35
233	19.35
234	19.3
235	19.3
236	19.3
237	19.25
238	19.25
239	19.25
240	19.25
241	19.25
242	19.1
243	19.05
244	19.05
245	19.05
246	19.05
247	19.05
248	19.05
249	19.0
250	19.0
251	19.0
252	19.0
253	19.0
254	18.9
255	18.9
256	18.9
257	18.9
258	18.9
259	18.9
260	18.9
261	18.9
262	18.9
263	18.9
264	18.9
265	18.9
266	18.9
267	18.9
268	18.9
269	18.9
270	18.9
271	18.9
272	18.9
273	18.85
274	18.85
275	18.85
276	18.85
277	18.85
278	18.85
279	18.85
280	18.85
281	18.85
282	18.85
283	18.85
284	18.85
285	18.85
286	18.85
287	18.85
288	18.85
289	18.85
290	18.75
291	18.75
292	18.75
293	18.75
294	18.75
295	18.75
296	18.75
297	18.75
298	18.65
299	18.65
300	18.65
301	18.65
302	18.65
303	18.65
304	18.65
305	18.65
306	18.65
307	18.65
308	18.65
309	18.65
310	18.65
311	18.65
312	18.65
313	18.65
314	18.65
315	18.65
316	18.65
317	18.65
318	18.65
319	18.65
320	18.65
321	18.65
322	18.65
323	18.65
324	18.65
325	18.55
326	18.55
327	18.4
328	18.4
329	18.4
330	18.4
331	18.4
332	18.25
333	18.25
334	18.2
335	18.2
336	18.2
337	18.2
338	18.2
339	18.2
340	18.2
341	18.2
342	18.2
343	18.2
344	18.15
345	18.1
346	18.1
347	18.1
348	18.1
349	18.1
350	18.1
351	18.1
352	18.1
353	18.1
354	18.05
355	18.05
356	18.05
357	18.05
358	18.05
359	18.05
360	18.0
361	18.0
362	18.0
363	18.0
364	18.0
365	17.9
366	17.9
367	17.9
368	17.9
369	17.9
370	17.9
371	17.9
372	17.85
373	17.85
374	17.85
375	17.85
376	17.85
377	17.85
378	17.85
379	17.85
380	17.85
381	17.85
382	17.8
383	17.8
384	17.8
385	17.8
386	17.8
387	17.8
388	17.8
389	17.8
390	17.8
391	17.8
392	17.8
393	17.8
394	17.8
395	17.8
396	17.8
397	17.8
398	17.8
399	17.8
400	17.8
401	17.8
402	17.75
403	17.75
404	17.75
405	17.75
406	17.75
407	17.75
408	17.75
409	17.75
410	17.7
411	17.7
412	17.7
413	17.7
414	17.7
415	17.7
416	17.7
417	17.7
418	17.7
419	17.7
420	17.7
421	17.7
422	17.7
423	17.7
424	17.7
425	17.7
426	17.7
427	17.7
428	17.65
429	17.65
430	17.65
431	17.65
432	17.65
433	17.65
434	17.65
435	17.65
436	17.65
437	17.65
438	17.65
439	17.65
440	17.5
441	17.5
442	17.5
443	17.5
444	17.45
445	17.45
446	17.45
447	17.45
448	17.45
449	17.45
450	17.45
451	17.45
452	17.45
453	17.45
454	17.45
455	17.45
456	17.45
457	17.45
458	17.45
459	17.45
460	17.45
461	17.45
462	17.45
463	17.45
464	17.45
465	17.4
466	17.35
467	17.35
468	17.35
469	17.35
470	17.35
471	17.3
472	17.3
473	17.3
474	17.3
475	17.3
476	17.3
477	17.3
478	17.3
479	17.3
480	17.3
481	17.25
482	17.25
483	17.25
484	17.25
485	17.2
486	17.2
487	17.2
488	17.15
489	17.15
490	17.15
491	17.15
492	17.15
493	17.15
494	17.15
495	17.1
496	17.1
497	17.1
498	17.1
499	17.05
500	17.05
501	17.05
502	17.05
503	17.05
504	17.05
505	17.05
506	17.05
507	17.05
508	17.05
509	17.05
510	17.05
511	17.05
512	17.05
513	17.05
514	17.05
515	17.05
516	17.05
517	17.05
518	17.05
519	17.05
520	17.05
521	17.05
522	17.05
523	17.05
524	17.05
525	17.05
526	17.0
527	17.0
528	17.0
529	17.0
530	17.0
531	17.0
532	17.0
533	17.0
534	17.0
535	17.0
536	17.0
537	17.0
538	17.0
539	17.0
540	17.0
541	17.0
542	17.0
543	17.0
544	17.0
545	17.0
546	17.0
547	17.0
548	17.0
549	17.0
550	17.0
551	17.0
552	17.0
553	17.0
554	17.0
555	17.0
556	17.0
557	17.0
558	17.0
559	17.0
560	17.0
561	17.0
562	17.0
563	17.0
564	17.0
565	17.0
566	17.0
567	17.0
568	17.0
569	17.0
570	17.0
571	17.0
572	17.0
573	17.0
574	17.0
575	17.0
576	16.95
577	16.95
578	16.95
579	16.95
580	16.95
581	16.95
582	16.95
583	16.95
584	16.95
585	16.95
586	16.95
587	16.95
588	16.95
589	16.95
590	16.9
591	16.9
592	16.9
593	16.9
594	16.9
595	16.9
596	16.9
597	16.9
598	16.8
599	16.8
600	16.8
601	16.8
602	16.8
603	16.8
604	16.8
605	16.8
606	16.8
607	16.8
608	16.8
609	16.8
610	16.8
611	16.8
612	16.8
613	16.8
614	16.8
615	16.8
616	16.8
617	16.8
618	16.8
619	16.8
620	16.8
621	16.8
622	16.8
623	16.8
624	16.8
625	16.8
626	16.8
627	16.8
628	16.8
629	16.8
630	16.8
631	16.8
632	16.8
633	16.8
634	16.8
635	16.8
636	16.8
637	16.8
638	16.8
639	16.8
640	16.8
641	16.8
642	16.8
643	16.8
644	16.8
645	16.8
646	16.8
647	16.8
648	16.8
649	16.8
650	16.8
651	16.8
652	16.8
653	16.8
654	16.8
655	16.75
656	16.75
657	16.75
658	16.75
659	16.75
660	16.75
661	16.75
662	16.75
663	16.75
664	16.7
665	16.7
666	16.7
667	16.65
668	16.65
669	16.65
670	16.65
671	16.65
672	16.65
673	16.65
674	16.65
675	16.65
676	16.65
677	16.65
678	16.65
679	16.65
680	16.65
681	16.65
682	16.65
683	16.65
684	16.65
685	16.65
686	16.65
687	16.65
688	16.65
689	16.65
690	16.65
691	16.65
692	16.65
693	16.65
694	16.65
695	16.65
696	16.65
697	16.65
698	16.65
699	16.65
700	16.65
701	16.65
702	16.65
703	16.65
704	16.65
705	16.65
706	16.65
707	16.65
708	16.65
709	16.65
710	16.65
711	16.65
712	16.65
713	16.65
714	16.65
715	16.65
716	16.65
717	16.65
718	16.65
719	16.65
720	16.65
721	16.65
722	16.65
723	16.65
724	16.65
725	16.65
726	16.6
727	16.6
728	16.6
729	16.5
730	16.5
731	16.5
732	16.5
733	16.5
734	16.5
735	16.5
736	16.5
737	16.5
738	16.5
739	16.5
740	16.5
741	16.5
742	16.5
743	16.5
744	16.5
745	16.5
746	16.5
747	16.5
748	16.5
749	16.5
750	16.5
751	16.5
752	16.5
753	16.5
754	16.45
755	16.45
756	16.45
757	16.45
758	16.45
759	16.45
760	16.45
761	16.45
762	16.45
763	16.45
764	16.45
765	16.45
766	16.45
767	16.45
768	16.45
769	16.45
770	16.45
771	16.45
772	16.45
773	16.35
774	16.35
775	16.35
776	16.35
777	16.35
778	16.35
779	16.35
780	16.35
781	16.35
782	16.35
783	16.35
784	16.35
785	16.35
786	16.35
787	16.35
788	16.35
789	16.35
790	16.35
791	16.35
792	16.35
793	16.35
794	16.35
795	16.35
796	16.35
797	16.35
798	16.35
799	16.35
800	16.35
801	16.35
802	16.35
803	16.35
804	16.35
805	16.35
806	16.35
807	16.35
808	16.35
809	16.35
810	16.35
811	16.35
812	16.35
813	16.35
814	16.35
815	16.35
816	16.35
817	16.35
818	16.35
819	16.35
820	16.35
821	16.35
822	16.35
823	16.35
824	16.35
825	16.35
826	16.35
827	16.35
828	16.35
829	16.35
830	16.35
831	16.35
832	16.35
833	16.35
834	16.35
835	16.35
836	16.35
837	16.35
838	16.35
839	16.3
840	16.25
841	16.25
842	16.25
843	16.25
844	16.25
845	16.25
846	16.2
847	16.2
848	16.2
849	16.2
850	16.2
851	16.2
852	16.15
853	16.15
854	16.15
855	16.15
856	16.15
857	16.15
858	16.15
859	16.15
860	16.15
861	16.05
862	16.05
863	16.05
864	16.05
865	16.05
866	16.05
867	16.05
868	16.05
869	16.05
870	16.05
871	16.0
872	16.0
873	16.0
874	16.0
875	15.95
876	15.95
877	15.95
878	15.95
879	15.95
880	15.95
881	15.95
882	15.95
883	15.95
884	15.95
885	15.95
886	15.95
887	15.95
888	15.95
889	15.95
890	15.95
891	15.95
892	15.95
893	15.95
894	15.95
895	15.95
896	15.95
897	15.95
898	15.95
899	15.95
900	15.95
901	15.95
902	15.95
903	15.95
904	15.95
905	15.95
906	15.95
907	15.95
908	15.95
909	15.95
910	15.95
911	15.95
912	15.95
913	15.95
914	15.85
915	15.85
916	15.85
917	15.85
918	15.85
919	15.85
920	15.85
921	15.85
922	15.85
923	15.85
924	15.85
925	15.85
926	15.85
927	15.85
928	15.85
929	15.85
930	15.85
931	15.85
932	15.85
933	15.85
934	15.85
935	15.85
936	15.85
937	15.85
938	15.85
939	15.85
940	15.85
941	15.85
942	15.85
943	15.85
944	15.85
945	15.85
946	15.85
947	15.85
948	15.85
949	15.85
950	15.85
951	15.85
952	15.85
953	15.85
954	15.85
955	15.85
956	15.85
957	15.85
958	15.85
959	15.85
960	15.85
961	15.85
962	15.85
963	15.85
964	15.85
965	15.85
966	15.85
967	15.85
968	15.85
969	15.85
970	15.85
971	15.85
972	15.85
973	15.85
974	15.85
975	15.85
976	15.85
977	15.85
978	15.85
979	15.85
980	15.85
981	15.85
982	15.85
983	15.85
984	15.85
985	15.85
986	15.85
987	15.85
988	15.85
989	15.85
990	15.85
991	15.85
992	15.85
993	15.85
994	15.85
995	15.85
996	15.85
997	15.85
998	15.85
999	0.0
